21562
22050
21234
25165
20172
19887
19694
19417
11776
18891
19294
19193
19359
20510
21048
20128
20586
20780
20368
21012
22489
21542
21715
19988
20309
19499
19457
20562
19869
19034
20117
20187
20575
21241
19309
20241
20261
20231
19499
20226
19503
20015
19804
19094
20108
20416
19994
19393
21120
20480
20157
19352
20037
19397
19870
19810
20326
19825
20036
20710
20188
19510
20780
20666
20225
20522
18955
20118
19852
19960
19530
20173
19104
20290
20082
19675
19250
20303
19233
20423
19418
20939
20711
20042
18844
19660
19994
20336
23792
20626
20592
21652
20665
20193
19372
20761
19596
19944
21161
20183
21199
20978
21271
19983
20846
19179
20166
20800
19895
20744
20149
19741
20074
20185
20285
19881
19877
20189
20515
19468
19346
20614
19806
20530
21850
20695
20737
20046
20328
20024
20620
19855
20604
21045
20291
20778
20258
21460
19836
22571
15921
20045
20332
21379
19678
21327
20197
20688
19773
19950
19160
20585
20282
19183
19333
19946
20017
19857
19655
20068
19745
20162
23185
21368
19708
21078
19879
22338
23503
22580
20121
20625
19852
19731
21073
20292
21349
21757
21989
19635
