1163
809
704
622
671
544
466
485
501
181
512
508
497
483
498
649
482
486
436
406
413
442
424
414
413
425
373
411
373
383
400
390
397
437
393
385
467
423
337
404
451
404
422
435
409
381
380
382
369
390
454
421
454
408
430
421
377
408
393
401
395
384
368
404
392
401
417
389
386
405
423
374
405
410
458
407
393
385
372
318
372
360
343
354
329
357
404
349
390
323
368
343
332
352
358
327
340
361
375
350
368
362
376
316
400
410
372
360
356
357
393
384
419
353
386
358
352
358
383
374
366
340
346
332
338
357
550
426
348
340
358
318
403
380
375
418
389
368
395
423
381
380
399
373
401
325
365
372
429
345
352
328
366
325
330
366
344
335
387
375
368
385
357
456
434
378
403
377
366
362
379
346
347
366
352
418
352
378
372
359
1150
801
727
617
640
575
587
529
670
201
529
515
482
455
476
523
546
460
419
416
389
443
434
554
599
454
392
471
396
388
396
402
395
475
544
410
487
430
371
395
344
375
392
383
372
361
367
425
388
372
394
411
450
434
435
408
393
376
342
347
343
445
332
326
344
346
375
342
350
359
376
322
367
342
401
470
389
333
373
326
374
387
371
348
312
356
390
328
346
291
352
341
332
346
356
322
332
363
387
353
344
368
321
312
386
377
379
375
371
418
391
375
387
355
367
361
347
349
399
423
398
349
408
325
355
358
416
442
329
349
362
315
361
361
357
455
385
372
391
370
366
373
383
359
354
332
386
413
403
338
342
318
343
330
319
343
333
322
386
383
368
387
373
373
393
372
388
390
361
367
345
329
334
343
342
349
317
340
347
319
