3164
2544
1671
1629
1823
1205
990
1059
1077
239
1025
989
963
701
932
738
692
783
751
699
617
772
783
756
760
750
412
670
715
684
684
574
659
826
690
792
939
752
620
667
619
679
676
822
719
744
464
657
552
759
767
796
801
781
811
727
774
715
724
732
620
459
630
360
838
712
766
578
788
698
652
443
672
712
746
745
800
689
914
630
1233
656
712
899
489
495
1020
370
427
656
524
592
544
806
897
479
700
718
682
782
687
663
607
511
969
768
715
550
630
689
674
863
741
450
744
785
593
450
647
755
875
587
705
426
390
566
744
831
573
493
610
518
738
822
593
822
769
561
849
1067
889
810
929
790
810
548
696
666
811
564
674
553
729
320
335
623
659
431
717
480
595
909
500
471
612
628
913
444
515
477
754
551
459
535
631
694
520
580
822
568
