
1195
832
700
606
684
549
434
455
658
161
462
458
413
401
422
436
408
386
392
379
376
400
377
445
423
391
357
380
331
386
365
380
372
416
349
367
449
384
330
351
402
419
435
414
405
383
361
373
360
400
405
427
412
388
413
426
393
392
374
402
377
377
350
333
377
388
396
374
361
375
378
332
365
365
379
398
363
354
377
344
497
601
381
379
453
391
429
366
347
329
389
365
355
376
385
350
367
364
367
369
366
357
353
326
395
397
361
339
347
350
389
389
339
338
388
374
346
364
391
388
371
344
359
341
354
347
373
410
364
352
365
327
383
396
368
443
371
362
377
359
366
380
379
380
363
322
377
392
422
397
389
371
390
359
350
427
382
343
375
383
390
406
367
382
403
380
396
367
360
348
395
342
334
348
343
352
352
369
361
353
1352
940
780
748
721
700
544
546
630
206
701
506
514
452
461
448
436
473
402
398
370
381
359
365
335
395
350
334
284
305
341
321
329
471
325
369
424
355
340
349
347
362
396
389
358
347
364
355
338
327
342
406
355
304
337
316
328
352
352
332
354
320
305
300
327
319
321
315
342
319
344
315
315
297
345
299
306
295
323
285
305
287
307
288
316
318
330
312
308
273
294
274
281
277
280
290
302
308
315
285
296
290
298
258
318
302
296
285
276
279
300
292
274
283
316
299
296
286
328
290
274
263
271
273
271
345
322
343
295
294
305
303
319
332
339
355
328
329
313
298
325
321
319
292
334
311
289
323
300
307
302
307
321
291
305
315
290
300
306
312
318
322
300
290
333
318
327
312
295
311
300
293
293
309
291
281
322
298
311
291
