2180
772
705
662
662
647
552
768
884
614
500
651
608
620
642
648
693
554
693
541
763
719
556
698
575
647
616
2285
662
677
668
668
641
658
717
624
569
619
665
691
661
511
592
661
547
893
744
660
630
852
649
636
611
642
665
697
629
557
603
667
663
542
604
587
658
961
730
655
617
586
651
632
532
698
663
760
683
708
675
697
675
679
597
613
731
658
642
674
700
653
664
655
745
546
1445
659
699
529
649
566
667
648
896
661
560
672
752
636
671
687
663
711
728
1584
701
950
728
776
697
815
847
823
673
690
677
759
643
658
690
698
666
741
733
1157
863
966
1032
714
856
783
835
771
756
656
753
705
650
783
723
812
695
659
696
674
1000
731
665
661
921
719
535
698
756
706
640
604
601
670
959
723
1951
1580
783
789
663
752
653
632
724
700
